0,385
0,384
0,278
0,319
0,318
0,317
0,316
28,3
28,2
28,1
28,0
24,49
24,48
24,47
24,46
24,45
24,44
24,43
24,42
24,41
24,40
24,39
24,38
24,37
24,36
27,3
27,2
27,1
27,0
24,35
0,283
0,243
26,3
26,2
26,1
26,0
25,3
25,2
0,9
25,1
25,0
3,1
3,3
10,124
10,192
10,161
10,116
11,13
11,8
9,7
8,12
8,15
8,10
8,7
8,8
8,13
20,3
20,2
20,1
19,2
19,3
19,1
12,3
12,2
12,1
11,30
11,29
11,28
11,27
11,26
11,25
11,24
11,23
11,22
11,21
11,17
11,15
11,11
11,7
11,6
11,3
11,2
11,1
10,314
10,313
10,312
10,311
10,310
10,309
10,308
